3.15	6
2.975	7
2.75	8
2.31	10
2.05	12
1.64	15
1.31	20
1.08	25
0.93	30
0.74	40
0.62	50
0.52	60
0.44	70
0.41	80


[0, 0, 0, 0, 0, 0, 0, 0, 0, 0, 0, 0, 0, 0, 0, 0, 0, 0, 98, 91, 86, 81, 76, 72, 69, 65, 62, 59, 57, 55, 52, 50, 48, 47, 45, 43, 42, 40, 39, 38, 37, 36, 35, 34, 33, 32, 31, 30, 29, 29, 28, 27, 27, 26, 25, 25, 24, 24, 23, 23, 22, 22, 21, 21, 21, 20, 20, 20, 19, 19, 19, 18, 18, 18, 17, 17, 17, 16, 16, 16, 16, 15, 15, 15, 15, 15, 14, 14, 14, 14, 14, 13, 13, 13, 13, 13, 13, 12, 12, 12, 12, 12, 12, 12, 11, 11, 11, 11, 11, 11, 11, 11, 10, 10, 10, 10, 10, 10, 10, 10, 10, 9, 9, 9, 9, 9, 9, 9, 9, 9, 9, 9, 9, 8, 8, 8, 8, 8, 8, 8, 8, 8, 8, 8, 8, 8, 8, 7, 7, 7, 7, 7, 7, 7, 7, 7, 7, 7, 7, 7, 7, 7, 7, 7, 7, 6, 6, 6, 6, 6, 6, 6, 6, 6, 6, 6, 6, 6, 6, 6, 6, 6, 6, 6, 6, 6, 6, 6, 6, 5, 5, 5, 5, 5, 5, 5, 5, 5, 5, 5]

length = 200